{
    "20190823_cam_0": {
        "transform_matrix": [
            [
                -0.9945391577805498,
                0.09934431094368057,
                0.031977672277386404,
                -94.87270659964835
            ],
            [
                0.0026841687395366826,
                0.330652089861843,
                -0.9437489023613078,
                714.6779139582969
            ],
            [
                -0.10432956857637393,
                -0.9385094050424433,
                -0.32911310786346193,
                3757.291521052137
            ],
            [
                0.0,
                0.0,
                0.0,
                1.0
            ]
        ]
    },
    "20190823_cam_1": {
        "transform_matrix": [
            [
                -0.9118504965347908,
                -0.38772204509036745,
                0.1349084419901089,
                549.4786666315331
            ],
            [
                -0.27669785553874116,
                0.33770280875613734,
                -0.8996638870703202,
                595.5538636926328
            ],
            [
                0.3032605624038798,
                -0.8576878387322271,
                -0.415216332267077,
                3726.7826198822336
            ],
            [
                0.0,
                0.0,
                0.0,
                1.0
            ]
        ]
    },
    "20190823_cam_2": {
        "transform_matrix": [
            [
                -0.9074285717929294,
                -0.41674569730909106,
                -0.05381831350204075,
                312.98386508512726
            ],
            [
                -0.11866502757347039,
                0.3770076260985863,
                -0.9185770850040277,
                621.8930442012546
            ],
            [
                0.40310296243618954,
                -0.8271567406712398,
                -0.3915606313679908,
                3735.2750347390784
            ],
            [
                0.0,
                0.0,
                0.0,
                1.0
            ]
        ]
    },
    "20190823_cam_3": {
        "transform_matrix": [
            [
                -0.7682179815130996,
                -0.6391777795875366,
                -0.03595690422555181,
                433.1539226510112
            ],
            [
                -0.2649132796422356,
                0.36852249844633855,
                -0.89107357856019,
                400.91967994072144
            ],
            [
                0.5828053595748186,
                -0.6750132844769909,
                -0.45243229176358685,
                3710.729802631021
            ],
            [
                0.0,
                0.0,
                0.0,
                1.0
            ]
        ]
    },
    "20190823_cam_4": {
        "transform_matrix": [
            [
                -0.5468205618306696,
                -0.8372491352924213,
                -0.0010763880729647846,
                212.42317114235343
            ],
            [
                -0.3007477377756943,
                0.19762256435340175,
                -0.933003815791333,
                779.0620067744754
            ],
            [
                0.7813693565670419,
                -0.5098619494632624,
                -0.3598648650639967,
                3618.9828988139393
            ],
            [
                0.0,
                0.0,
                0.0,
                1.0
            ]
        ]
    },
    "20190823_cam_5": {
        "transform_matrix": [
            [
                -0.3447442687020227,
                -0.9378838033010556,
                -0.039055866430721176,
                212.70354264019187
            ],
            [
                -0.3185034032419275,
                0.15601002908639594,
                -0.9349954293726639,
                720.1226400748553
            ],
            [
                0.8830101762269886,
                -0.3098948891640659,
                -0.35250274658443953,
                3532.325241674798
            ],
            [
                0.0,
                0.0,
                0.0,
                1.0
            ]
        ]
    },
    "20190823_cam_6": {
        "transform_matrix": [
            [
                0.03921691853719167,
                -0.9933801857192984,
                0.10797147734813739,
                94.5082822734998
            ],
            [
                -0.3382984555204255,
                -0.11487295679374021,
                -0.93400126273467,
                930.180539709189
            ],
            [
                0.9402213506897946,
                0.00010206740716633966,
                -0.34056394596213857,
                3460.7190716039086
            ],
            [
                0.0,
                0.0,
                0.0,
                1.0
            ]
        ]
    },
    "20190823_cam_7": {
        "transform_matrix": [
            [
                0.2991904758031595,
                -0.9503758470573662,
                0.08526903610732878,
                232.31585247667064
            ],
            [
                -0.333456994106148,
                -0.18786630158879009,
                -0.9238575029781608,
                860.9587654134475
            ],
            [
                0.8940310354066976,
                0.24797580941967606,
                -0.3731172813905634,
                3444.3164396575153
            ],
            [
                0.0,
                0.0,
                0.0,
                1.0
            ]
        ]
    },
    "20190823_cam_8": {
        "transform_matrix": [
            [
                0.45939908138870134,
                -0.8880146594995459,
                -0.01955629139492171,
                252.03617347907306
            ],
            [
                -0.34888301206833927,
                -0.1601534794966462,
                -0.9233804778612338,
                792.4299993682195
            ],
            [
                0.8168433925235243,
                0.4310230011484571,
                -0.38338759052900556,
                3426.402825980434
            ],
            [
                0.0,
                0.0,
                0.0,
                1.0
            ]
        ]
    },
    "20190823_cam_9": {
        "transform_matrix": [
            [
                0.5905624368782489,
                -0.7978286131316986,
                -0.12126628639805237,
                184.38722427307653
            ],
            [
                -0.3644336251332322,
                -0.1295928970938019,
                -0.9221679965684593,
                789.9859723289861
            ],
            [
                0.7200167644025206,
                0.5887912916230891,
                -0.3672882708284318,
                3419.286179390697
            ],
            [
                0.0,
                0.0,
                0.0,
                1.0
            ]
        ]
    },
    "20190823_cam_10": {
        "transform_matrix": [
            [
                0.8291617604463513,
                -0.5557167912485765,
                0.06057741276989173,
                90.04541707891876
            ],
            [
                -0.16542768684791914,
                -0.34744120669067763,
                -0.9229941973368374,
                733.1517098034964
            ],
            [
                0.5339704630760531,
                0.7552903122758241,
                -0.3800159059100468,
                3384.4765752872813
            ],
            [
                0.0,
                0.0,
                0.0,
                1.0
            ]
        ]
    },
    "20190823_cam_11": {
        "transform_matrix": [
            [
                0.9164563056158008,
                -0.39982241403147695,
                -0.01580750249345403,
                -286.88821960344563
            ],
            [
                -0.16258708840005337,
                -0.33599657979735253,
                -0.9277239551989991,
                860.6763149960301
            ],
            [
                0.3656135645495549,
                0.8527885644182405,
                -0.3729321463950847,
                3385.6631444839036
            ],
            [
                0.0,
                0.0,
                0.0,
                1.0
            ]
        ]
    },
    "20190823_cam_12": {
        "transform_matrix": [
            [
                0.9872623014861024,
                0.0034636991635524916,
                -0.15906335483846995,
                491.9819370116602
            ],
            [
                -0.1454834882893567,
                -0.38504143656059514,
                -0.9113603276237747,
                775.1289063315794
            ],
            [
                -0.06440266065563754,
                0.9228927862538843,
                -0.3796329837896296,
                3401.88550673228
            ],
            [
                0.0,
                0.0,
                0.0,
                1.0
            ]
        ]
    },
    "20190823_cam_13": {
        "transform_matrix": [
            [
                0.9794375655351827,
                0.20162661427738435,
                -0.006983096272654518,
                -168.6909431364421
            ],
            [
                0.05964424812030775,
                -0.3224513977384633,
                -0.944705064960845,
                1002.6223509616449
            ],
            [
                -0.19272939289241137,
                0.9248631274472727,
                -0.3278468798139954,
                3400.1650941900784
            ],
            [
                0.0,
                0.0,
                0.0,
                1.0
            ]
        ]
    },
    "20190823_cam_14": {
        "transform_matrix": [
            [
                0.8657241526650807,
                0.5002624093120085,
                -0.01610010315720639,
                -285.250477521133
            ],
            [
                0.18368810253422457,
                -0.3474729014253133,
                -0.919522301938594,
                604.6926920048468
            ],
            [
                -0.46559679174120644,
                0.7930952683028812,
                -0.3927079358962289,
                3502.4124810663943
            ],
            [
                0.0,
                0.0,
                0.0,
                1.0
            ]
        ]
    },
    "20190823_cam_15": {
        "transform_matrix": [
            [
                0.6926801783887895,
                0.7212104217746163,
                -0.007049680202297848,
                -240.61664506350112
            ],
            [
                0.20873178059049208,
                -0.20981148992263451,
                -0.9552016449252831,
                1012.4379901187037
            ],
            [
                -0.690380485123093,
                0.6601777535028912,
                -0.29587179578506373,
                3485.526657733326
            ],
            [
                0.0,
                0.0,
                0.0,
                1.0
            ]
        ]
    },
    "20190823_cam_16": {
        "transform_matrix": [
            [
                0.4743805769277908,
                0.8788032167606902,
                0.0516524389038881,
                -218.53164633862596
            ],
            [
                0.3858339919709338,
                -0.15481853012850294,
                -0.9094852133864647,
                592.1434998778257
            ],
            [
                -0.7912617764516556,
                0.4513713869308881,
                -0.41251505692114665,
                3618.4966567878273
            ],
            [
                0.0,
                0.0,
                0.0,
                1.0
            ]
        ]
    },
    "20190823_cam_17": {
        "transform_matrix": [
            [
                0.14190308209721725,
                0.9896967772143562,
                -0.0190736588736356,
                -63.32813922816172
            ],
            [
                0.35208455378322034,
                -0.0684718669488743,
                -0.9334602671907394,
                798.764863355242
            ],
            [
                -0.9251486271289502,
                0.12574534825612027,
                -0.35817331714320344,
                3660.083590181759
            ],
            [
                0.0,
                0.0,
                0.0,
                1.0
            ]
        ]
    },
    "20190823_cam_18": {
        "transform_matrix": [
            [
                -0.06840717924036765,
                0.9960548634458134,
                -0.05652580679936042,
                -213.53066942719985
            ],
            [
                0.35882055309911787,
                -0.028303055328616544,
                -0.9329773564951664,
                699.1525347379171
            ],
            [
                -0.9308964864591658,
                -0.08410497051308963,
                -0.35546882483977815,
                3703.1549306817337
            ],
            [
                0.0,
                0.0,
                0.0,
                1.0
            ]
        ]
    },
    "20190823_cam_19": {
        "transform_matrix": [
            [
                -0.7905015721032311,
                0.6107600665412157,
                0.0456005002263129,
                28.841682740227995
            ],
            [
                0.18165765232324768,
                0.30491883851664237,
                -0.9348930416203065,
                777.0018441076285
            ],
            [
                -0.5848997878737231,
                -0.7307507393333461,
                -0.35198806103196456,
                3775.913449328061
            ],
            [
                0.0,
                0.0,
                0.0,
                1.0
            ]
        ]
    },
    "20190823_cam_20": {
        "transform_matrix": [
            [
                -0.8873828459305981,
                0.4567748176991957,
                -0.06251760283295266,
                142.42408422545233
            ],
            [
                0.22788173840594206,
                0.31668851714429613,
                -0.9207487694317231,
                619.646057007096
            ],
            [
                -0.4007762443673503,
                -0.8313032834199641,
                -0.3851145971343969,
                3812.712753216164
            ],
            [
                0.0,
                0.0,
                0.0,
                1.0
            ]
        ]
    }
}