{
  "cams": {
    "20190823": {
      "K": [
        [
          [
            1156.2489404251594,
            0.0,
            517.0732592262409
          ],
          [
            0.0,
            1156.2521516982895,
            518.097867316907
          ],
          [
            0.0,
            0.0,
            1.0
          ]
        ],
        [
          [
            1151.8690355805666,
            0.0,
            518.9437630940612
          ],
          [
            0.0,
            1152.0487603563154,
            505.25796053033855
          ],
          [
            0.0,
            0.0,
            1.0
          ]
        ],
        [
          [
            1150.7383970918308,
            0.0,
            501.32400774427924
          ],
          [
            0.0,
            1150.7392739304469,
            502.16234821361974
          ],
          [
            0.0,
            0.0,
            1.0
          ]
        ],
        [
          [
            1151.2832355536152,
            0.0,
            505.62456603082006
          ],
          [
            0.0,
            1151.3497464742009,
            519.6279135006671
          ],
          [
            0.0,
            0.0,
            1.0
          ]
        ],
        [
          [
            1152.668730860846,
            0.0,
            514.3141239133097
          ],
          [
            0.0,
            1152.415521259612,
            516.2885172235204
          ],
          [
            0.0,
            0.0,
            1.0
          ]
        ],
        [
          [
            1151.92733262594,
            0.0,
            509.1645751380822
          ],
          [
            0.0,
            1151.7364739962106,
            531.6298188372484
          ],
          [
            0.0,
            0.0,
            1.0
          ]
        ],
        [
          [
            1154.6157853016152,
            0.0,
            516.9207895758775
          ],
          [
            0.0,
            1154.4824167485897,
            517.1964627992245
          ],
          [
            0.0,
            0.0,
            1.0
          ]
        ],
        [
          [
            1150.338279525782,
            0.0,
            503.2271664629668
          ],
          [
            0.0,
            1150.123383167547,
            519.9840833897362
          ],
          [
            0.0,
            0.0,
            1.0
          ]
        ],
        [
          [
            1155.211513412703,
            0.0,
            508.61940696164686
          ],
          [
            0.0,
            1155.3261293766202,
            512.3430854344808
          ],
          [
            0.0,
            0.0,
            1.0
          ]
        ],
        [
          [
            1160.461438101886,
            0.0,
            517.3474731620826
          ],
          [
            0.0,
            1159.794240220988,
            514.0960127041441
          ],
          [
            0.0,
            0.0,
            1.0
          ]
        ],
        [
          [
            1154.6832605042698,
            0.0,
            508.0058117114582
          ],
          [
            0.0,
            1154.0184320074404,
            508.57104687633796
          ],
          [
            0.0,
            0.0,
            1.0
          ]
        ],
        [
          [
            1152.7801307517327,
            0.0,
            501.5413349565367
          ],
          [
            0.0,
            1152.6684592685522,
            523.0475414431062
          ],
          [
            0.0,
            0.0,
            1.0
          ]
        ],
        [
          [
            1152.9498055793485,
            0.0,
            492.9892095448776
          ],
          [
            0.0,
            1153.2986295467629,
            501.7924277579932
          ],
          [
            0.0,
            0.0,
            1.0
          ]
        ],
        [
          [
            1157.635729499292,
            0.0,
            519.0988609135316
          ],
          [
            0.0,
            1157.6586218541543,
            506.0816931569463
          ],
          [
            0.0,
            0.0,
            1.0
          ]
        ],
        [
          [
            1154.5829346132164,
            0.0,
            518.1656872810996
          ],
          [
            0.0,
            1154.7545471212613,
            511.2547373583746
          ],
          [
            0.0,
            0.0,
            1.0
          ]
        ],
        [
          [
            1156.8129253327347,
            0.0,
            510.6320758758592
          ],
          [
            0.0,
            1156.8852226199308,
            507.91050761288716
          ],
          [
            0.0,
            0.0,
            1.0
          ]
        ],
        [
          [
            1157.7980472691083,
            0.0,
            508.67707030548866
          ],
          [
            0.0,
            1157.6109855451211,
            526.8094046543384
          ],
          [
            0.0,
            0.0,
            1.0
          ]
        ],
        [
          [
            1154.5373307781733,
            0.0,
            517.645389369197
          ],
          [
            0.0,
            1154.3153647561112,
            514.3309920814672
          ],
          [
            0.0,
            0.0,
            1.0
          ]
        ],
        [
          [
            1156.9617024883005,
            0.0,
            510.166478243954
          ],
          [
            0.0,
            1156.9599421018402,
            516.4554718866215
          ],
          [
            0.0,
            0.0,
            1.0
          ]
        ],
        [
          [
            1151.5795806815397,
            0.0,
            503.5192800793676
          ],
          [
            0.0,
            1151.496149296984,
            496.98538908774185
          ],
          [
            0.0,
            0.0,
            1.0
          ]
        ],
        [
          [
            1153.7580006929093,
            0.0,
            522.2966226439592
          ],
          [
            0.0,
            1153.4220426289887,
            520.2129066933844
          ],
          [
            0.0,
            0.0,
            1.0
          ]
        ]
      ],
      "R": [
        [
          [
            -0.9945391577805498,
            0.09934431094368057,
            0.031977672277386404
          ],
          [
            0.0026841687395366826,
            0.330652089861843,
            -0.9437489023613078
          ],
          [
            -0.10432956857637393,
            -0.9385094050424433,
            -0.32911310786346193
          ]
        ],
        [
          [
            -0.9118504965347908,
            -0.38772204509036745,
            0.1349084419901089
          ],
          [
            -0.27669785553874116,
            0.33770280875613734,
            -0.8996638870703202
          ],
          [
            0.3032605624038798,
            -0.8576878387322271,
            -0.415216332267077
          ]
        ],
        [
          [
            -0.9074285717929294,
            -0.41674569730909106,
            -0.05381831350204075
          ],
          [
            -0.11866502757347039,
            0.3770076260985863,
            -0.9185770850040277
          ],
          [
            0.40310296243618954,
            -0.8271567406712398,
            -0.3915606313679908
          ]
        ],
        [
          [
            -0.7682179815130996,
            -0.6391777795875366,
            -0.03595690422555181
          ],
          [
            -0.2649132796422356,
            0.36852249844633855,
            -0.89107357856019
          ],
          [
            0.5828053595748186,
            -0.6750132844769909,
            -0.45243229176358685
          ]
        ],
        [
          [
            -0.5468205618306696,
            -0.8372491352924213,
            -0.0010763880729647846
          ],
          [
            -0.3007477377756943,
            0.19762256435340175,
            -0.933003815791333
          ],
          [
            0.7813693565670419,
            -0.5098619494632624,
            -0.3598648650639967
          ]
        ],
        [
          [
            -0.3447442687020227,
            -0.9378838033010556,
            -0.039055866430721176
          ],
          [
            -0.3185034032419275,
            0.15601002908639594,
            -0.9349954293726639
          ],
          [
            0.8830101762269886,
            -0.3098948891640659,
            -0.35250274658443953
          ]
        ],
        [
          [
            0.03921691853719167,
            -0.9933801857192984,
            0.10797147734813739
          ],
          [
            -0.3382984555204255,
            -0.11487295679374021,
            -0.93400126273467
          ],
          [
            0.9402213506897946,
            0.00010206740716633966,
            -0.34056394596213857
          ]
        ],
        [
          [
            0.2991904758031595,
            -0.9503758470573662,
            0.08526903610732878
          ],
          [
            -0.333456994106148,
            -0.18786630158879009,
            -0.9238575029781608
          ],
          [
            0.8940310354066976,
            0.24797580941967606,
            -0.3731172813905634
          ]
        ],
        [
          [
            0.45939908138870134,
            -0.8880146594995459,
            -0.01955629139492171
          ],
          [
            -0.34888301206833927,
            -0.1601534794966462,
            -0.9233804778612338
          ],
          [
            0.8168433925235243,
            0.4310230011484571,
            -0.38338759052900556
          ]
        ],
        [
          [
            0.5905624368782489,
            -0.7978286131316986,
            -0.12126628639805237
          ],
          [
            -0.3644336251332322,
            -0.1295928970938019,
            -0.9221679965684593
          ],
          [
            0.7200167644025206,
            0.5887912916230891,
            -0.3672882708284318
          ]
        ],
        [
          [
            0.8291617604463513,
            -0.5557167912485765,
            0.06057741276989173
          ],
          [
            -0.16542768684791914,
            -0.34744120669067763,
            -0.9229941973368374
          ],
          [
            0.5339704630760531,
            0.7552903122758241,
            -0.3800159059100468
          ]
        ],
        [
          [
            0.9164563056158008,
            -0.39982241403147695,
            -0.01580750249345403
          ],
          [
            -0.16258708840005337,
            -0.33599657979735253,
            -0.9277239551989991
          ],
          [
            0.3656135645495549,
            0.8527885644182405,
            -0.3729321463950847
          ]
        ],
        [
          [
            0.9872623014861024,
            0.0034636991635524916,
            -0.15906335483846995
          ],
          [
            -0.1454834882893567,
            -0.38504143656059514,
            -0.9113603276237747
          ],
          [
            -0.06440266065563754,
            0.9228927862538843,
            -0.3796329837896296
          ]
        ],
        [
          [
            0.9794375655351827,
            0.20162661427738435,
            -0.006983096272654518
          ],
          [
            0.05964424812030775,
            -0.3224513977384633,
            -0.944705064960845
          ],
          [
            -0.19272939289241137,
            0.9248631274472727,
            -0.3278468798139954
          ]
        ],
        [
          [
            0.8657241526650807,
            0.5002624093120085,
            -0.01610010315720639
          ],
          [
            0.18368810253422457,
            -0.3474729014253133,
            -0.919522301938594
          ],
          [
            -0.46559679174120644,
            0.7930952683028812,
            -0.3927079358962289
          ]
        ],
        [
          [
            0.6926801783887895,
            0.7212104217746163,
            -0.007049680202297848
          ],
          [
            0.20873178059049208,
            -0.20981148992263451,
            -0.9552016449252831
          ],
          [
            -0.690380485123093,
            0.6601777535028912,
            -0.29587179578506373
          ]
        ],
        [
          [
            0.4743805769277908,
            0.8788032167606902,
            0.0516524389038881
          ],
          [
            0.3858339919709338,
            -0.15481853012850294,
            -0.9094852133864647
          ],
          [
            -0.7912617764516556,
            0.4513713869308881,
            -0.41251505692114665
          ]
        ],
        [
          [
            0.14190308209721725,
            0.9896967772143562,
            -0.0190736588736356
          ],
          [
            0.35208455378322034,
            -0.0684718669488743,
            -0.9334602671907394
          ],
          [
            -0.9251486271289502,
            0.12574534825612027,
            -0.35817331714320344
          ]
        ],
        [
          [
            -0.06840717924036765,
            0.9960548634458134,
            -0.05652580679936042
          ],
          [
            0.35882055309911787,
            -0.028303055328616544,
            -0.9329773564951664
          ],
          [
            -0.9308964864591658,
            -0.08410497051308963,
            -0.35546882483977815
          ]
        ],
        [
          [
            -0.7905015721032311,
            0.6107600665412157,
            0.0456005002263129
          ],
          [
            0.18165765232324768,
            0.30491883851664237,
            -0.9348930416203065
          ],
          [
            -0.5848997878737231,
            -0.7307507393333461,
            -0.35198806103196456
          ]
        ],
        [
          [
            -0.8873828459305981,
            0.4567748176991957,
            -0.06251760283295266
          ],
          [
            0.22788173840594206,
            0.31668851714429613,
            -0.9207487694317231
          ],
          [
            -0.4007762443673503,
            -0.8313032834199641,
            -0.3851145971343969
          ]
        ]
      ],
      "T": [
        [
          [
            -94.87270659964835
          ],
          [
            714.6779139582969
          ],
          [
            3757.291521052137
          ]
        ],
        [
          [
            549.4786666315331
          ],
          [
            595.5538636926328
          ],
          [
            3726.7826198822336
          ]
        ],
        [
          [
            312.98386508512726
          ],
          [
            621.8930442012546
          ],
          [
            3735.2750347390784
          ]
        ],
        [
          [
            433.1539226510112
          ],
          [
            400.91967994072144
          ],
          [
            3710.729802631021
          ]
        ],
        [
          [
            212.42317114235343
          ],
          [
            779.0620067744754
          ],
          [
            3618.9828988139393
          ]
        ],
        [
          [
            212.70354264019187
          ],
          [
            720.1226400748553
          ],
          [
            3532.325241674798
          ]
        ],
        [
          [
            94.5082822734998
          ],
          [
            930.180539709189
          ],
          [
            3460.7190716039086
          ]
        ],
        [
          [
            232.31585247667064
          ],
          [
            860.9587654134475
          ],
          [
            3444.3164396575153
          ]
        ],
        [
          [
            252.03617347907306
          ],
          [
            792.4299993682195
          ],
          [
            3426.402825980434
          ]
        ],
        [
          [
            184.38722427307653
          ],
          [
            789.9859723289861
          ],
          [
            3419.286179390697
          ]
        ],
        [
          [
            90.04541707891876
          ],
          [
            733.1517098034964
          ],
          [
            3384.4765752872813
          ]
        ],
        [
          [
            -286.88821960344563
          ],
          [
            860.6763149960301
          ],
          [
            3385.6631444839036
          ]
        ],
        [
          [
            491.9819370116602
          ],
          [
            775.1289063315794
          ],
          [
            3401.88550673228
          ]
        ],
        [
          [
            -168.6909431364421
          ],
          [
            1002.6223509616449
          ],
          [
            3400.1650941900784
          ]
        ],
        [
          [
            -285.250477521133
          ],
          [
            604.6926920048468
          ],
          [
            3502.4124810663943
          ]
        ],
        [
          [
            -240.61664506350112
          ],
          [
            1012.4379901187037
          ],
          [
            3485.526657733326
          ]
        ],
        [
          [
            -218.53164633862596
          ],
          [
            592.1434998778257
          ],
          [
            3618.4966567878273
          ]
        ],
        [
          [
            -63.32813922816172
          ],
          [
            798.764863355242
          ],
          [
            3660.083590181759
          ]
        ],
        [
          [
            -213.53066942719985
          ],
          [
            699.1525347379171
          ],
          [
            3703.1549306817337
          ]
        ],
        [
          [
            28.841682740227995
          ],
          [
            777.0018441076285
          ],
          [
            3775.913449328061
          ]
        ],
        [
          [
            142.42408422545233
          ],
          [
            619.646057007096
          ],
          [
            3812.712753216164
          ]
        ]
      ],
      "D": [
        [
          [
            -0.22387073221830378
          ],
          [
            0.3221595654353255
          ],
          [
            -0.0008481230792196845
          ],
          [
            -0.0005596321013542198
          ],
          [
            -0.3961026691977433
          ]
        ],
        [
          [
            -0.21153826975474668
          ],
          [
            0.24061966577182187
          ],
          [
            -0.00010373009734751788
          ],
          [
            -0.00026976761431829087
          ],
          [
            -0.17530553102888533
          ]
        ],
        [
          [
            -0.21770652709587834
          ],
          [
            0.2680747620594412
          ],
          [
            -0.0006889646984416281
          ],
          [
            -3.982836252816679e-05
          ],
          [
            -0.27301106585707857
          ]
        ],
        [
          [
            -0.204268128411378
          ],
          [
            0.1926293382241669
          ],
          [
            -0.000840580912838699
          ],
          [
            0.0003605338676444204
          ],
          [
            -0.09801505845208852
          ]
        ],
        [
          [
            -0.21910350691100472
          ],
          [
            0.26237879258319846
          ],
          [
            -0.0008922332272010555
          ],
          [
            0.0006198192377620784
          ],
          [
            -0.22592111204690682
          ]
        ],
        [
          [
            -0.21250682629137016
          ],
          [
            0.22076128515362184
          ],
          [
            -0.0017400550389005353
          ],
          [
            -0.00025541308944798435
          ],
          [
            -0.12262233589378378
          ]
        ],
        [
          [
            -0.22381246791360232
          ],
          [
            0.3494507298988255
          ],
          [
            3.2284938355579854e-05
          ],
          [
            0.00034244654340654003
          ],
          [
            -0.501005125042045
          ]
        ],
        [
          [
            -0.2188490065042134
          ],
          [
            0.275198804002155
          ],
          [
            9.212845016532526e-05
          ],
          [
            0.0004963773173158817
          ],
          [
            -0.2510405217836477
          ]
        ],
        [
          [
            -0.22258041584445512
          ],
          [
            0.3059040355903916
          ],
          [
            -0.00016461307681874335
          ],
          [
            0.00023751842685085483
          ],
          [
            -0.34357931285543636
          ]
        ],
        [
          [
            -0.2114577166729711
          ],
          [
            0.2128469330207744
          ],
          [
            -0.0003269129509747259
          ],
          [
            -5.8688851719370905e-05
          ],
          [
            -0.10736531507427993
          ]
        ],
        [
          [
            -0.21310484715543979
          ],
          [
            0.20662374649078993
          ],
          [
            -0.001222547666123074
          ],
          [
            -0.00027481498300938604
          ],
          [
            -0.0678514625233747
          ]
        ],
        [
          [
            -0.21523285443093543
          ],
          [
            0.2670398310850427
          ],
          [
            -0.000304645783790874
          ],
          [
            0.00040466148668608966
          ],
          [
            -0.2510773558345343
          ]
        ],
        [
          [
            -0.22828828675807583
          ],
          [
            0.4259477882436957
          ],
          [
            -5.3203685481689815e-05
          ],
          [
            -0.0004870137640682376
          ],
          [
            -0.8333183516373187
          ]
        ],
        [
          [
            -0.20252827876599383
          ],
          [
            0.17078373628716578
          ],
          [
            -0.001234154986890172
          ],
          [
            0.0002628663884890503
          ],
          [
            0.005939368051616417
          ]
        ],
        [
          [
            -0.22178829553909027
          ],
          [
            0.31783491567162625
          ],
          [
            -9.620224594331656e-05
          ],
          [
            0.00015367923310830915
          ],
          [
            -0.3462762761422139
          ]
        ],
        [
          [
            -0.21434839041797438
          ],
          [
            0.2546797896108777
          ],
          [
            -0.0005596744066254045
          ],
          [
            -0.0005273804065319691
          ],
          [
            -0.23906657716328147
          ]
        ],
        [
          [
            -0.20329260036049127
          ],
          [
            0.1717544454976631
          ],
          [
            -0.0005419022611451955
          ],
          [
            0.0002738039934400714
          ],
          [
            -0.044535282510267546
          ]
        ],
        [
          [
            -0.22610683347841942
          ],
          [
            0.3416645117530187
          ],
          [
            -0.00011732882008485506
          ],
          [
            0.0003229537143851305
          ],
          [
            -0.43498045313178796
          ]
        ],
        [
          [
            -0.215018960109322
          ],
          [
            0.25715523747225294
          ],
          [
            -0.00021572245531635174
          ],
          [
            -0.0004292149543936038
          ],
          [
            -0.22762775127316434
          ]
        ],
        [
          [
            -0.21006371688448128
          ],
          [
            0.2355580809948133
          ],
          [
            -3.757972158658841e-05
          ],
          [
            0.0004922145851640522
          ],
          [
            -0.21085965252790917
          ]
        ],
        [
          [
            -0.20231909732248224
          ],
          [
            0.1544682675523787
          ],
          [
            -0.0008801990352807711
          ],
          [
            0.0001512707731205362
          ],
          [
            0.020116068357073046
          ]
        ]
      ]
    }
  }
}