{
    "camera_angle_x": 0.691,
    "frames": [
        {
            "file_path": "./cam01/frame_00001",
            "rotation": 0.041887902047863905,
            "time": 0.0,
            "transform_matrix": [
                [
                    -0.9978967308998108,
                    -0.032646261155605316,
                    0.056003034114837646,
                    0.22575543820858002
                ],
                [
                    0.06482373923063278,
                    -0.502556562423706,
                    0.8621106743812561,
                    3.4752790927886963
                ],
                [
                    1.8626450382086546e-09,
                    0.8639277219772339,
                    0.5036157369613647,
                    2.030139923095703
                ],
                [
                    0.0,
                    0.0,
                    0.0,
                    1.0
                ]
            ]
        },
        {
            "file_path": "./cam01/frame_00002",
            "rotation": 0.041887902047863905,
            "time": 0.03200000000651926,
            "transform_matrix": [
                [
                    -0.9978967308998108,
                    -0.032646261155605316,
                    0.056003034114837646,
                    0.22575543820858002
                ],
                [
                    0.06482373923063278,
                    -0.502556562423706,
                    0.8621106743812561,
                    3.4752790927886963
                ],
                [
                    1.8626450382086546e-09,
                    0.8639277219772339,
                    0.5036157369613647,
                    2.030139923095703
                ],
                [
                    0.0,
                    0.0,
                    0.0,
                    1.0
                ]
            ]
        },
        {
            "file_path": "./cam01/frame_00003",
            "rotation": 0.041887902047863905,
            "time": 0.0650000000023283,
            "transform_matrix": [
                [
                    -0.9978967308998108,
                    -0.032646261155605316,
                    0.056003034114837646,
                    0.22575543820858002
                ],
                [
                    0.06482373923063278,
                    -0.502556562423706,
                    0.8621106743812561,
                    3.4752790927886963
                ],
                [
                    1.8626450382086546e-09,
                    0.8639277219772339,
                    0.5036157369613647,
                    2.030139923095703
                ],
                [
                    0.0,
                    0.0,
                    0.0,
                    1.0
                ]
            ]
        },
        {
            "file_path": "./cam01/frame_00004",
            "rotation": 0.041887902047863905,
            "time": 0.0970000000015716,
            "transform_matrix": [
                [
                    -0.9978967308998108,
                    -0.032646261155605316,
                    0.056003034114837646,
                    0.22575543820858002
                ],
                [
                    0.06482373923063278,
                    -0.502556562423706,
                    0.8621106743812561,
                    3.4752790927886963
                ],
                [
                    1.8626450382086546e-09,
                    0.8639277219772339,
                    0.5036157369613647,
                    2.030139923095703
                ],
                [
                    0.0,
                    0.0,
                    0.0,
                    1.0
                ]
            ]
        },
        {
            "file_path": "./cam01/frame_00005",
            "rotation": 0.041887902047863905,
            "time": 0.1300000000046566,
            "transform_matrix": [
                [
                    -0.9978967308998108,
                    -0.032646261155605316,
                    0.056003034114837646,
                    0.22575543820858002
                ],
                [
                    0.06482373923063278,
                    -0.502556562423706,
                    0.8621106743812561,
                    3.4752790927886963
                ],
                [
                    1.8626450382086546e-09,
                    0.8639277219772339,
                    0.5036157369613647,
                    2.030139923095703
                ],
                [
                    0.0,
                    0.0,
                    0.0,
                    1.0
                ]
            ]
        },
        {
            "file_path": "./cam01/frame_00006",
            "rotation": 0.041887902047863905,
            "time": 0.1620000000038999,
            "transform_matrix": [
                [
                    -0.9978967308998108,
                    -0.032646261155605316,
                    0.056003034114837646,
                    0.22575543820858002
                ],
                [
                    0.06482373923063278,
                    -0.502556562423706,
                    0.8621106743812561,
                    3.4752790927886963
                ],
                [
                    1.8626450382086546e-09,
                    0.8639277219772339,
                    0.5036157369613647,
                    2.030139923095703
                ],
                [
                    0.0,
                    0.0,
                    0.0,
                    1.0
                ]
            ]
        },
        {
            "file_path": "./cam01/frame_00007",
            "rotation": 0.041887902047863905,
            "time": 0.19499999999970896,
            "transform_matrix": [
                [
                    -0.9978967308998108,
                    -0.032646261155605316,
                    0.056003034114837646,
                    0.22575543820858002
                ],
                [
                    0.06482373923063278,
                    -0.502556562423706,
                    0.8621106743812561,
                    3.4752790927886963
                ],
                [
                    1.8626450382086546e-09,
                    0.8639277219772339,
                    0.5036157369613647,
                    2.030139923095703
                ],
                [
                    0.0,
                    0.0,
                    0.0,
                    1.0
                ]
            ]
        },
        {
            "file_path": "./cam01/frame_00008",
            "rotation": 0.041887902047863905,
            "time": 0.22700000000622822,
            "transform_matrix": [
                [
                    -0.9978967308998108,
                    -0.032646261155605316,
                    0.056003034114837646,
                    0.22575543820858002
                ],
                [
                    0.06482373923063278,
                    -0.502556562423706,
                    0.8621106743812561,
                    3.4752790927886963
                ],
                [
                    1.8626450382086546e-09,
                    0.8639277219772339,
                    0.5036157369613647,
                    2.030139923095703
                ],
                [
                    0.0,
                    0.0,
                    0.0,
                    1.0
                ]
            ]
        },
        {
            "file_path": "./cam01/frame_00009",
            "rotation": 0.041887902047863905,
            "time": 0.26000000000203727,
            "transform_matrix": [
                [
                    -0.9978967308998108,
                    -0.032646261155605316,
                    0.056003034114837646,
                    0.22575543820858002
                ],
                [
                    0.06482373923063278,
                    -0.502556562423706,
                    0.8621106743812561,
                    3.4752790927886963
                ],
                [
                    1.8626450382086546e-09,
                    0.8639277219772339,
                    0.5036157369613647,
                    2.030139923095703
                ],
                [
                    0.0,
                    0.0,
                    0.0,
                    1.0
                ]
            ]
        },
        {
            "file_path": "./cam01/frame_00010",
            "rotation": 0.041887902047863905,
            "time": 0.29200000000128057,
            "transform_matrix": [
                [
                    -0.9978967308998108,
                    -0.032646261155605316,
                    0.056003034114837646,
                    0.22575543820858002
                ],
                [
                    0.06482373923063278,
                    -0.502556562423706,
                    0.8621106743812561,
                    3.4752790927886963
                ],
                [
                    1.8626450382086546e-09,
                    0.8639277219772339,
                    0.5036157369613647,
                    2.030139923095703
                ],
                [
                    0.0,
                    0.0,
                    0.0,
                    1.0
                ]
            ]
        },
        {
            "file_path": "./cam01/frame_00011",
            "rotation": 0.041887902047863905,
            "time": 0.3250000000043656,
            "transform_matrix": [
                [
                    -0.9978967308998108,
                    -0.032646261155605316,
                    0.056003034114837646,
                    0.22575543820858002
                ],
                [
                    0.06482373923063278,
                    -0.502556562423706,
                    0.8621106743812561,
                    3.4752790927886963
                ],
                [
                    1.8626450382086546e-09,
                    0.8639277219772339,
                    0.5036157369613647,
                    2.030139923095703
                ],
                [
                    0.0,
                    0.0,
                    0.0,
                    1.0
                ]
            ]
        },
        {
            "file_path": "./cam01/frame_00012",
            "rotation": 0.041887902047863905,
            "time": 0.3570000000036089,
            "transform_matrix": [
                [
                    -0.9978967308998108,
                    -0.032646261155605316,
                    0.056003034114837646,
                    0.22575543820858002
                ],
                [
                    0.06482373923063278,
                    -0.502556562423706,
                    0.8621106743812561,
                    3.4752790927886963
                ],
                [
                    1.8626450382086546e-09,
                    0.8639277219772339,
                    0.5036157369613647,
                    2.030139923095703
                ],
                [
                    0.0,
                    0.0,
                    0.0,
                    1.0
                ]
            ]
        },
        {
            "file_path": "./cam01/frame_00013",
            "rotation": 0.041887902047863905,
            "time": 0.3900000000066939,
            "transform_matrix": [
                [
                    -0.9978967308998108,
                    -0.032646261155605316,
                    0.056003034114837646,
                    0.22575543820858002
                ],
                [
                    0.06482373923063278,
                    -0.502556562423706,
                    0.8621106743812561,
                    3.4752790927886963
                ],
                [
                    1.8626450382086546e-09,
                    0.8639277219772339,
                    0.5036157369613647,
                    2.030139923095703
                ],
                [
                    0.0,
                    0.0,
                    0.0,
                    1.0
                ]
            ]
        },
        {
            "file_path": "./cam01/frame_00014",
            "rotation": 0.041887902047863905,
            "time": 0.4220000000059372,
            "transform_matrix": [
                [
                    -0.9978967308998108,
                    -0.032646261155605316,
                    0.056003034114837646,
                    0.22575543820858002
                ],
                [
                    0.06482373923063278,
                    -0.502556562423706,
                    0.8621106743812561,
                    3.4752790927886963
                ],
                [
                    1.8626450382086546e-09,
                    0.8639277219772339,
                    0.5036157369613647,
                    2.030139923095703
                ],
                [
                    0.0,
                    0.0,
                    0.0,
                    1.0
                ]
            ]
        },
        {
            "file_path": "./cam01/frame_00015",
            "rotation": 0.041887902047863905,
            "time": 0.45500000000174623,
            "transform_matrix": [
                [
                    -0.9978967308998108,
                    -0.032646261155605316,
                    0.056003034114837646,
                    0.22575543820858002
                ],
                [
                    0.06482373923063278,
                    -0.502556562423706,
                    0.8621106743812561,
                    3.4752790927886963
                ],
                [
                    1.8626450382086546e-09,
                    0.8639277219772339,
                    0.5036157369613647,
                    2.030139923095703
                ],
                [
                    0.0,
                    0.0,
                    0.0,
                    1.0
                ]
            ]
        },
        {
            "file_path": "./cam03/frame_00001",
            "rotation": 0.041887902047863905,
            "time": 0.0,
            "transform_matrix": [
                [
                    -0.9319348335266113,
                    0.1793583631515503,
                    -0.3151632845401764,
                    -1.2704639434814453
                ],
                [
                    -0.3626255989074707,
                    -0.4609445631504059,
                    0.8099583983421326,
                    3.265047073364258
                ],
                [
                    0.0,
                    0.8691148161888123,
                    0.4946102201938629,
                    1.9938377141952515
                ],
                [
                    0.0,
                    0.0,
                    0.0,
                    1.0
                ]
            ]
        },
        {
            "file_path": "./cam03/frame_00002",
            "rotation": 0.041887902047863905,
            "time": 0.03200000000651926,
            "transform_matrix": [
                [
                    -0.9319348335266113,
                    0.1793583631515503,
                    -0.3151632845401764,
                    -1.2704639434814453
                ],
                [
                    -0.3626255989074707,
                    -0.4609445631504059,
                    0.8099583983421326,
                    3.265047073364258
                ],
                [
                    0.0,
                    0.8691148161888123,
                    0.4946102201938629,
                    1.9938377141952515
                ],
                [
                    0.0,
                    0.0,
                    0.0,
                    1.0
                ]
            ]
        },
        {
            "file_path": "./cam03/frame_00003",
            "rotation": 0.041887902047863905,
            "time": 0.0650000000023283,
            "transform_matrix": [
                [
                    -0.9319348335266113,
                    0.1793583631515503,
                    -0.3151632845401764,
                    -1.2704639434814453
                ],
                [
                    -0.3626255989074707,
                    -0.4609445631504059,
                    0.8099583983421326,
                    3.265047073364258
                ],
                [
                    0.0,
                    0.8691148161888123,
                    0.4946102201938629,
                    1.9938377141952515
                ],
                [
                    0.0,
                    0.0,
                    0.0,
                    1.0
                ]
            ]
        },
        {
            "file_path": "./cam03/frame_00004",
            "rotation": 0.041887902047863905,
            "time": 0.0970000000015716,
            "transform_matrix": [
                [
                    -0.9319348335266113,
                    0.1793583631515503,
                    -0.3151632845401764,
                    -1.2704639434814453
                ],
                [
                    -0.3626255989074707,
                    -0.4609445631504059,
                    0.8099583983421326,
                    3.265047073364258
                ],
                [
                    0.0,
                    0.8691148161888123,
                    0.4946102201938629,
                    1.9938377141952515
                ],
                [
                    0.0,
                    0.0,
                    0.0,
                    1.0
                ]
            ]
        },
        {
            "file_path": "./cam03/frame_00005",
            "rotation": 0.041887902047863905,
            "time": 0.1300000000046566,
            "transform_matrix": [
                [
                    -0.9319348335266113,
                    0.1793583631515503,
                    -0.3151632845401764,
                    -1.2704639434814453
                ],
                [
                    -0.3626255989074707,
                    -0.4609445631504059,
                    0.8099583983421326,
                    3.265047073364258
                ],
                [
                    0.0,
                    0.8691148161888123,
                    0.4946102201938629,
                    1.9938377141952515
                ],
                [
                    0.0,
                    0.0,
                    0.0,
                    1.0
                ]
            ]
        },
        {
            "file_path": "./cam03/frame_00006",
            "rotation": 0.041887902047863905,
            "time": 0.1620000000038999,
            "transform_matrix": [
                [
                    -0.9319348335266113,
                    0.1793583631515503,
                    -0.3151632845401764,
                    -1.2704639434814453
                ],
                [
                    -0.3626255989074707,
                    -0.4609445631504059,
                    0.8099583983421326,
                    3.265047073364258
                ],
                [
                    0.0,
                    0.8691148161888123,
                    0.4946102201938629,
                    1.9938377141952515
                ],
                [
                    0.0,
                    0.0,
                    0.0,
                    1.0
                ]
            ]
        },
        {
            "file_path": "./cam03/frame_00007",
            "rotation": 0.041887902047863905,
            "time": 0.19499999999970896,
            "transform_matrix": [
                [
                    -0.9319348335266113,
                    0.1793583631515503,
                    -0.3151632845401764,
                    -1.2704639434814453
                ],
                [
                    -0.3626255989074707,
                    -0.4609445631504059,
                    0.8099583983421326,
                    3.265047073364258
                ],
                [
                    0.0,
                    0.8691148161888123,
                    0.4946102201938629,
                    1.9938377141952515
                ],
                [
                    0.0,
                    0.0,
                    0.0,
                    1.0
                ]
            ]
        },
        {
            "file_path": "./cam03/frame_00008",
            "rotation": 0.041887902047863905,
            "time": 0.22700000000622822,
            "transform_matrix": [
                [
                    -0.9319348335266113,
                    0.1793583631515503,
                    -0.3151632845401764,
                    -1.2704639434814453
                ],
                [
                    -0.3626255989074707,
                    -0.4609445631504059,
                    0.8099583983421326,
                    3.265047073364258
                ],
                [
                    0.0,
                    0.8691148161888123,
                    0.4946102201938629,
                    1.9938377141952515
                ],
                [
                    0.0,
                    0.0,
                    0.0,
                    1.0
                ]
            ]
        },
        {
            "file_path": "./cam03/frame_00009",
            "rotation": 0.041887902047863905,
            "time": 0.26000000000203727,
            "transform_matrix": [
                [
                    -0.9319348335266113,
                    0.1793583631515503,
                    -0.3151632845401764,
                    -1.2704639434814453
                ],
                [
                    -0.3626255989074707,
                    -0.4609445631504059,
                    0.8099583983421326,
                    3.265047073364258
                ],
                [
                    0.0,
                    0.8691148161888123,
                    0.4946102201938629,
                    1.9938377141952515
                ],
                [
                    0.0,
                    0.0,
                    0.0,
                    1.0
                ]
            ]
        },
        {
            "file_path": "./cam03/frame_00010",
            "rotation": 0.041887902047863905,
            "time": 0.29200000000128057,
            "transform_matrix": [
                [
                    -0.9319348335266113,
                    0.1793583631515503,
                    -0.3151632845401764,
                    -1.2704639434814453
                ],
                [
                    -0.3626255989074707,
                    -0.4609445631504059,
                    0.8099583983421326,
                    3.265047073364258
                ],
                [
                    0.0,
                    0.8691148161888123,
                    0.4946102201938629,
                    1.9938377141952515
                ],
                [
                    0.0,
                    0.0,
                    0.0,
                    1.0
                ]
            ]
        },
        {
            "file_path": "./cam03/frame_00011",
            "rotation": 0.041887902047863905,
            "time": 0.3250000000043656,
            "transform_matrix": [
                [
                    -0.9319348335266113,
                    0.1793583631515503,
                    -0.3151632845401764,
                    -1.2704639434814453
                ],
                [
                    -0.3626255989074707,
                    -0.4609445631504059,
                    0.8099583983421326,
                    3.265047073364258
                ],
                [
                    0.0,
                    0.8691148161888123,
                    0.4946102201938629,
                    1.9938377141952515
                ],
                [
                    0.0,
                    0.0,
                    0.0,
                    1.0
                ]
            ]
        },
        {
            "file_path": "./cam03/frame_00012",
            "rotation": 0.041887902047863905,
            "time": 0.3570000000036089,
            "transform_matrix": [
                [
                    -0.9319348335266113,
                    0.1793583631515503,
                    -0.3151632845401764,
                    -1.2704639434814453
                ],
                [
                    -0.3626255989074707,
                    -0.4609445631504059,
                    0.8099583983421326,
                    3.265047073364258
                ],
                [
                    0.0,
                    0.8691148161888123,
                    0.4946102201938629,
                    1.9938377141952515
                ],
                [
                    0.0,
                    0.0,
                    0.0,
                    1.0
                ]
            ]
        },
        {
            "file_path": "./cam03/frame_00013",
            "rotation": 0.041887902047863905,
            "time": 0.3900000000066939,
            "transform_matrix": [
                [
                    -0.9319348335266113,
                    0.1793583631515503,
                    -0.3151632845401764,
                    -1.2704639434814453
                ],
                [
                    -0.3626255989074707,
                    -0.4609445631504059,
                    0.8099583983421326,
                    3.265047073364258
                ],
                [
                    0.0,
                    0.8691148161888123,
                    0.4946102201938629,
                    1.9938377141952515
                ],
                [
                    0.0,
                    0.0,
                    0.0,
                    1.0
                ]
            ]
        },
        {
            "file_path": "./cam03/frame_00014",
            "rotation": 0.041887902047863905,
            "time": 0.4220000000059372,
            "transform_matrix": [
                [
                    -0.9319348335266113,
                    0.1793583631515503,
                    -0.3151632845401764,
                    -1.2704639434814453
                ],
                [
                    -0.3626255989074707,
                    -0.4609445631504059,
                    0.8099583983421326,
                    3.265047073364258
                ],
                [
                    0.0,
                    0.8691148161888123,
                    0.4946102201938629,
                    1.9938377141952515
                ],
                [
                    0.0,
                    0.0,
                    0.0,
                    1.0
                ]
            ]
        },
        {
            "file_path": "./cam03/frame_00015",
            "rotation": 0.041887902047863905,
            "time": 0.45500000000174623,
            "transform_matrix": [
                [
                    -0.9319348335266113,
                    0.1793583631515503,
                    -0.3151632845401764,
                    -1.2704639434814453
                ],
                [
                    -0.3626255989074707,
                    -0.4609445631504059,
                    0.8099583983421326,
                    3.265047073364258
                ],
                [
                    0.0,
                    0.8691148161888123,
                    0.4946102201938629,
                    1.9938377141952515
                ],
                [
                    0.0,
                    0.0,
                    0.0,
                    1.0
                ]
            ]
        },
        {
            "file_path": "./cam04/frame_00001",
            "rotation": 0.041887902047863905,
            "time": 0.0,
            "transform_matrix": [
                [
                    -0.8476628065109253,
                    0.2541910409927368,
                    -0.46567636728286743,
                    -1.8772014379501343
                ],
                [
                    -0.530535101890564,
                    -0.40613389015197754,
                    0.7440347671508789,
                    2.999300003051758
                ],
                [
                    1.4901158529312397e-08,
                    0.877748429775238,
                    0.47912195324897766,
                    1.931402325630188
                ],
                [
                    0.0,
                    0.0,
                    0.0,
                    1.0
                ]
            ]
        },
        {
            "file_path": "./cam04/frame_00002",
            "rotation": 0.041887902047863905,
            "time": 0.03200000000651926,
            "transform_matrix": [
                [
                    -0.8476628065109253,
                    0.2541910409927368,
                    -0.46567636728286743,
                    -1.8772014379501343
                ],
                [
                    -0.530535101890564,
                    -0.40613389015197754,
                    0.7440347671508789,
                    2.999300003051758
                ],
                [
                    1.4901158529312397e-08,
                    0.877748429775238,
                    0.47912195324897766,
                    1.931402325630188
                ],
                [
                    0.0,
                    0.0,
                    0.0,
                    1.0
                ]
            ]
        },
        {
            "file_path": "./cam04/frame_00003",
            "rotation": 0.041887902047863905,
            "time": 0.0650000000023283,
            "transform_matrix": [
                [
                    -0.8476628065109253,
                    0.2541910409927368,
                    -0.46567636728286743,
                    -1.8772014379501343
                ],
                [
                    -0.530535101890564,
                    -0.40613389015197754,
                    0.7440347671508789,
                    2.999300003051758
                ],
                [
                    1.4901158529312397e-08,
                    0.877748429775238,
                    0.47912195324897766,
                    1.931402325630188
                ],
                [
                    0.0,
                    0.0,
                    0.0,
                    1.0
                ]
            ]
        },
        {
            "file_path": "./cam04/frame_00004",
            "rotation": 0.041887902047863905,
            "time": 0.0970000000015716,
            "transform_matrix": [
                [
                    -0.8476628065109253,
                    0.2541910409927368,
                    -0.46567636728286743,
                    -1.8772014379501343
                ],
                [
                    -0.530535101890564,
                    -0.40613389015197754,
                    0.7440347671508789,
                    2.999300003051758
                ],
                [
                    1.4901158529312397e-08,
                    0.877748429775238,
                    0.47912195324897766,
                    1.931402325630188
                ],
                [
                    0.0,
                    0.0,
                    0.0,
                    1.0
                ]
            ]
        },
        {
            "file_path": "./cam04/frame_00005",
            "rotation": 0.041887902047863905,
            "time": 0.1300000000046566,
            "transform_matrix": [
                [
                    -0.8476628065109253,
                    0.2541910409927368,
                    -0.46567636728286743,
                    -1.8772014379501343
                ],
                [
                    -0.530535101890564,
                    -0.40613389015197754,
                    0.7440347671508789,
                    2.999300003051758
                ],
                [
                    1.4901158529312397e-08,
                    0.877748429775238,
                    0.47912195324897766,
                    1.931402325630188
                ],
                [
                    0.0,
                    0.0,
                    0.0,
                    1.0
                ]
            ]
        },
        {
            "file_path": "./cam04/frame_00006",
            "rotation": 0.041887902047863905,
            "time": 0.1620000000038999,
            "transform_matrix": [
                [
                    -0.8476628065109253,
                    0.2541910409927368,
                    -0.46567636728286743,
                    -1.8772014379501343
                ],
                [
                    -0.530535101890564,
                    -0.40613389015197754,
                    0.7440347671508789,
                    2.999300003051758
                ],
                [
                    1.4901158529312397e-08,
                    0.877748429775238,
                    0.47912195324897766,
                    1.931402325630188
                ],
                [
                    0.0,
                    0.0,
                    0.0,
                    1.0
                ]
            ]
        },
        {
            "file_path": "./cam04/frame_00007",
            "rotation": 0.041887902047863905,
            "time": 0.19499999999970896,
            "transform_matrix": [
                [
                    -0.8476628065109253,
                    0.2541910409927368,
                    -0.46567636728286743,
                    -1.8772014379501343
                ],
                [
                    -0.530535101890564,
                    -0.40613389015197754,
                    0.7440347671508789,
                    2.999300003051758
                ],
                [
                    1.4901158529312397e-08,
                    0.877748429775238,
                    0.47912195324897766,
                    1.931402325630188
                ],
                [
                    0.0,
                    0.0,
                    0.0,
                    1.0
                ]
            ]
        },
        {
            "file_path": "./cam04/frame_00008",
            "rotation": 0.041887902047863905,
            "time": 0.22700000000622822,
            "transform_matrix": [
                [
                    -0.8476628065109253,
                    0.2541910409927368,
                    -0.46567636728286743,
                    -1.8772014379501343
                ],
                [
                    -0.530535101890564,
                    -0.40613389015197754,
                    0.7440347671508789,
                    2.999300003051758
                ],
                [
                    1.4901158529312397e-08,
                    0.877748429775238,
                    0.47912195324897766,
                    1.931402325630188
                ],
                [
                    0.0,
                    0.0,
                    0.0,
                    1.0
                ]
            ]
        },
        {
            "file_path": "./cam04/frame_00009",
            "rotation": 0.041887902047863905,
            "time": 0.26000000000203727,
            "transform_matrix": [
                [
                    -0.8476628065109253,
                    0.2541910409927368,
                    -0.46567636728286743,
                    -1.8772014379501343
                ],
                [
                    -0.530535101890564,
                    -0.40613389015197754,
                    0.7440347671508789,
                    2.999300003051758
                ],
                [
                    1.4901158529312397e-08,
                    0.877748429775238,
                    0.47912195324897766,
                    1.931402325630188
                ],
                [
                    0.0,
                    0.0,
                    0.0,
                    1.0
                ]
            ]
        },
        {
            "file_path": "./cam04/frame_00010",
            "rotation": 0.041887902047863905,
            "time": 0.29200000000128057,
            "transform_matrix": [
                [
                    -0.8476628065109253,
                    0.2541910409927368,
                    -0.46567636728286743,
                    -1.8772014379501343
                ],
                [
                    -0.530535101890564,
                    -0.40613389015197754,
                    0.7440347671508789,
                    2.999300003051758
                ],
                [
                    1.4901158529312397e-08,
                    0.877748429775238,
                    0.47912195324897766,
                    1.931402325630188
                ],
                [
                    0.0,
                    0.0,
                    0.0,
                    1.0
                ]
            ]
        },
        {
            "file_path": "./cam04/frame_00011",
            "rotation": 0.041887902047863905,
            "time": 0.3250000000043656,
            "transform_matrix": [
                [
                    -0.8476628065109253,
                    0.2541910409927368,
                    -0.46567636728286743,
                    -1.8772014379501343
                ],
                [
                    -0.530535101890564,
                    -0.40613389015197754,
                    0.7440347671508789,
                    2.999300003051758
                ],
                [
                    1.4901158529312397e-08,
                    0.877748429775238,
                    0.47912195324897766,
                    1.931402325630188
                ],
                [
                    0.0,
                    0.0,
                    0.0,
                    1.0
                ]
            ]
        },
        {
            "file_path": "./cam04/frame_00012",
            "rotation": 0.041887902047863905,
            "time": 0.3570000000036089,
            "transform_matrix": [
                [
                    -0.8476628065109253,
                    0.2541910409927368,
                    -0.46567636728286743,
                    -1.8772014379501343
                ],
                [
                    -0.530535101890564,
                    -0.40613389015197754,
                    0.7440347671508789,
                    2.999300003051758
                ],
                [
